0000000000110110
0000000010000110
0000000010110001
0000000001101110
0000000011010101
0000000100001011
0000000001111101
0000000010000110
0000000010010000
0000000001011111
0000000000101001
0000000000001110
0000000000111000
0000000000000001
1111111111111010
1111111110101110
1111111111101011
1111111110101001
1111111111000111
0000000000101111
1111111111000101
1111111111101010
1111111111100011
0000000000001000
0000000000110000
0000000000101011
1111111111111011
1111111111101111
0000000000011001
0000000000000101
0000000000001100
1111111111111010
0000000001000011
0000000000011110
0000000000011011
0000000000100100
1111111111101100
1111111111100000
1111111111100101
1111111111100010
1111111110110011
1111111110001100
1111111110111001
1111111110001011
1111111101101011
1111111100110000
1111111110000110
1111111100110000
1111111110001000
1111111101000110
1111111110110011
1111111110101010
1111111110100110
1111111111101001
1111111111011010
0000000000010101
0000000001111101
0000000010010011
0000000010001101
0000000010001100
0000000011100110
0000000011110000
0000000010011001
0000000011101011
0000000100001010
0000000100111000
0000000100001000
0000000011101100
0000000011101001
0000000011010001
0000000010001010
0000000010000110
0000000001101000
0000000001111011
1111111111001101
1111111111100001
1111111110110001
1111111101110011
1111111100100010
1111111101111011
1111111100011101
1111111100011000
1111111100111110
1111111100010101
1111111100010110
1111111011110000
1111111100011110
1111111101010010
1111111100110010
1111111101110010
1111111110110010
1111111110000100
1111111101110001
1111111111001010
1111111111100110
1111111111011101
0000000001100110
0000000001010111
0000000001110110
0000000001110100
